AttributeBegin # Plane.034
	Transform [1.0 0.0 0.0 0.0  0.0 1.0 0.0 0.0  0.0 0.0 1.0 0.0  9.0 0.0 4.0 1.0]
	Material "matte" # dummy material
	Shape "trianglemesh" "integer indices" [
0 1 2
0 2 3
	] "point P" [
1.000000 1.000000 0.000000
-1.000000 1.000000 0.000000
-1.000000 -1.000000 0.000000
1.000000 -1.000000 0.000000
	]
AttributeEnd

AttributeBegin # Plane.033
	Transform [1.0 0.0 -0.0 0.0  0.0 -4.37113882867e-008 -1.0 0.0  0.0 1.0 -4.37113882867e-008 0.0  9.0 0.0 4.0 1.0]
	Material "matte" # dummy material
	Shape "trianglemesh" "integer indices" [
0 1 2
0 2 3
	] "point P" [
1.000000 1.000000 0.000000
-1.000000 1.000000 0.000000
-1.000000 -1.000000 0.000000
1.000000 -1.000000 0.000000
	]
AttributeEnd

AttributeBegin # Plane.032
	Transform [1.0 0.0 0.0 0.0  0.0 0.087155804038 -0.996194720268 0.0  0.0 0.996194720268 0.087155804038 0.0  6.0 0.0 4.0 1.0]
	Material "matte" # dummy material
	Shape "trianglemesh" "integer indices" [
0 1 2
0 2 3
	] "point P" [
1.000000 1.000000 0.000000
-1.000000 1.000000 0.000000
-1.000000 -1.000000 0.000000
1.000000 -1.000000 0.000000
	]
AttributeEnd

AttributeBegin # Plane.031
	Transform [1.0 0.0 0.0 0.0  0.0 0.996194720268 0.0871557369828 0.0  0.0 -0.0871557369828 0.996194720268 0.0  6.0 0.0 4.0 1.0]
	Material "matte" # dummy material
	Shape "trianglemesh" "integer indices" [
0 1 2
0 2 3
	] "point P" [
1.000000 1.000000 0.000000
-1.000000 1.000000 0.000000
-1.000000 -1.000000 0.000000
1.000000 -1.000000 0.000000
	]
AttributeEnd

AttributeBegin # Plane.030
	Transform [1.0 0.0 0.0 0.0  0.0 0.984807729721 0.173648178577 0.0  0.0 -0.173648178577 0.984807729721 0.0  3.0 0.0 4.0 1.0]
	Material "matte" # dummy material
	Shape "trianglemesh" "integer indices" [
0 1 2
0 2 3
	] "point P" [
1.000000 1.000000 0.000000
-1.000000 1.000000 0.000000
-1.000000 -1.000000 0.000000
1.000000 -1.000000 0.000000
	]
AttributeEnd

AttributeBegin # Plane.029
	Transform [1.0 0.0 0.0 0.0  0.0 0.173648223281 -0.984807729721 0.0  0.0 0.984807729721 0.173648223281 0.0  3.0 0.0 4.0 1.0]
	Material "matte" # dummy material
	Shape "trianglemesh" "integer indices" [
0 1 2
0 2 3
	] "point P" [
1.000000 1.000000 0.000000
-1.000000 1.000000 0.000000
-1.000000 -1.000000 0.000000
1.000000 -1.000000 0.000000
	]
AttributeEnd

AttributeBegin # Plane.028
	Transform [1.0 0.0 0.0 0.0  0.0 0.258819073439 -0.965925812721 0.0  0.0 0.965925812721 0.258819073439 0.0  0.0 0.0 4.0 1.0]
	Material "matte" # dummy material
	Shape "trianglemesh" "integer indices" [
0 1 2
0 2 3
	] "point P" [
1.000000 1.000000 0.000000
-1.000000 1.000000 0.000000
-1.000000 -1.000000 0.000000
1.000000 -1.000000 0.000000
	]
AttributeEnd

AttributeBegin # Plane.027
	Transform [1.0 0.0 0.0 0.0  0.0 0.965925812721 0.258819043636 0.0  0.0 -0.258819043636 0.965925812721 0.0  0.0 0.0 4.0 1.0]
	Material "matte" # dummy material
	Shape "trianglemesh" "integer indices" [
0 1 2
0 2 3
	] "point P" [
1.000000 1.000000 0.000000
-1.000000 1.000000 0.000000
-1.000000 -1.000000 0.000000
1.000000 -1.000000 0.000000
	]
AttributeEnd

AttributeBegin # Plane.026
	Transform [1.0 0.0 0.0 0.0  0.0 0.939692616463 0.342020124197 0.0  0.0 -0.342020124197 0.939692616463 0.0  6.0 0.0 7.0 1.0]
	Material "matte" # dummy material
	Shape "trianglemesh" "integer indices" [
0 1 2
0 2 3
	] "point P" [
1.000000 1.000000 0.000000
-1.000000 1.000000 0.000000
-1.000000 -1.000000 0.000000
1.000000 -1.000000 0.000000
	]
AttributeEnd

AttributeBegin # Plane.025
	Transform [1.0 0.0 0.0 0.0  0.0 0.342020153999 -0.939692616463 0.0  0.0 0.939692616463 0.342020153999 0.0  6.0 0.0 7.0 1.0]
	Material "matte" # dummy material
	Shape "trianglemesh" "integer indices" [
0 1 2
0 2 3
	] "point P" [
1.000000 1.000000 0.000000
-1.000000 1.000000 0.000000
-1.000000 -1.000000 0.000000
1.000000 -1.000000 0.000000
	]
AttributeEnd

AttributeBegin # Plane.024
	Transform [1.0 0.0 0.0 0.0  0.0 0.707106769085 -0.707106769085 0.0  0.0 0.707106769085 0.707106769085 0.0  3.0 0.0 7.0 1.0]
	Material "matte" # dummy material
	Shape "trianglemesh" "integer indices" [
0 1 2
0 2 3
	] "point P" [
1.000000 1.000000 0.000000
-1.000000 1.000000 0.000000
-1.000000 -1.000000 0.000000
1.000000 -1.000000 0.000000
	]
AttributeEnd

AttributeBegin # Plane.023
	Transform [1.0 0.0 0.0 0.0  0.0 0.707106769085 0.707106769085 0.0  0.0 -0.707106769085 0.707106769085 0.0  3.0 0.0 7.0 1.0]
	Material "matte" # dummy material
	Shape "trianglemesh" "integer indices" [
0 1 2
0 2 3
	] "point P" [
1.000000 1.000000 0.000000
-1.000000 1.000000 0.000000
-1.000000 -1.000000 0.000000
1.000000 -1.000000 0.000000
	]
AttributeEnd

AttributeBegin # Plane.022
	Transform [1.0 0.0 0.0 0.0  0.0 0.939692616463 -0.342020124197 0.0  0.0 0.342020124197 0.939692616463 0.0  0.0 0.0 7.0 1.0]
	Material "matte" # dummy material
	Shape "trianglemesh" "integer indices" [
0 1 2
0 2 3
	] "point P" [
1.000000 1.000000 0.000000
-1.000000 1.000000 0.000000
-1.000000 -1.000000 0.000000
1.000000 -1.000000 0.000000
	]
AttributeEnd

AttributeBegin # Plane.021
	Transform [1.0 0.0 0.0 0.0  0.0 0.342020153999 0.939692616463 0.0  0.0 -0.939692616463 0.342020153999 0.0  0.0 0.0 7.0 1.0]
	Material "matte" # dummy material
	Shape "trianglemesh" "integer indices" [
0 1 2
0 2 3
	] "point P" [
1.000000 1.000000 0.000000
-1.000000 1.000000 0.000000
-1.000000 -1.000000 0.000000
1.000000 -1.000000 0.000000
	]
AttributeEnd

AttributeBegin # Plane.020
	Transform [1.0 0.0 0.0 0.0  0.0 0.939692616463 -0.342020124197 0.0  0.0 0.342020124197 0.939692616463 0.0  0.0 0.0 7.0 1.0]
	Material "matte" # dummy material
	Shape "trianglemesh" "integer indices" [
0 1 2
0 2 3
	] "point P" [
1.000000 1.000000 0.000000
-1.000000 1.000000 0.000000
-1.000000 -1.000000 0.000000
1.000000 -1.000000 0.000000
	]
AttributeEnd

AttributeBegin # Plane.018
	Transform [1.0 0.0 0.0 0.0  0.0 0.342020153999 0.939692616463 0.0  0.0 -0.939692616463 0.342020153999 0.0  0.0 0.0 7.0 1.0]
	Material "matte" # dummy material
	Shape "trianglemesh" "integer indices" [
0 1 2
0 2 3
	] "point P" [
1.000000 1.000000 0.000000
-1.000000 1.000000 0.000000
-1.000000 -1.000000 0.000000
1.000000 -1.000000 0.000000
	]
AttributeEnd

AttributeBegin # Plane.017
	Transform [1.0 0.0 0.0 0.0  0.0 0.939692616463 -0.342020124197 0.0  0.0 0.342020124197 0.939692616463 0.0  0.0 0.0 7.0 1.0]
	Material "matte" # dummy material
	Shape "trianglemesh" "integer indices" [
0 1 2
0 2 3
	] "point P" [
1.000000 1.000000 0.000000
-1.000000 1.000000 0.000000
-1.000000 -1.000000 0.000000
1.000000 -1.000000 0.000000
	]
AttributeEnd

AttributeBegin # Plane.016
	Transform [1.0 0.0 0.0 0.0  0.0 0.342020153999 0.939692616463 0.0  0.0 -0.939692616463 0.342020153999 0.0  0.0 0.0 7.0 1.0]
	Material "matte" # dummy material
	Shape "trianglemesh" "integer indices" [
0 1 2
0 2 3
	] "point P" [
1.000000 1.000000 0.000000
-1.000000 1.000000 0.000000
-1.000000 -1.000000 0.000000
1.000000 -1.000000 0.000000
	]
AttributeEnd

AttributeBegin # Plane.015
	Transform [1.0 0.0 0.0 0.0  0.0 0.342020153999 0.939692616463 0.0  0.0 -0.939692616463 0.342020153999 0.0  0.0 0.0 7.0 1.0]
	Material "matte" # dummy material
	Shape "trianglemesh" "integer indices" [
0 1 2
0 2 3
	] "point P" [
1.000000 1.000000 0.000000
-1.000000 1.000000 0.000000
-1.000000 -1.000000 0.000000
1.000000 -1.000000 0.000000
	]
AttributeEnd

AttributeBegin # Plane.014
	Transform [1.0 0.0 0.0 0.0  0.0 0.939692616463 -0.342020124197 0.0  0.0 0.342020124197 0.939692616463 0.0  0.0 0.0 7.0 1.0]
	Material "matte" # dummy material
	Shape "trianglemesh" "integer indices" [
0 1 2
0 2 3
	] "point P" [
1.000000 1.000000 0.000000
-1.000000 1.000000 0.000000
-1.000000 -1.000000 0.000000
1.000000 -1.000000 0.000000
	]
AttributeEnd

AttributeBegin # Plane.013
	Transform [1.0 0.0 0.0 0.0  0.0 0.965925812721 -0.258819043636 0.0  0.0 0.258819043636 0.965925812721 0.0  9.0 0.0 10.0182142258 1.0]
	Material "matte" # dummy material
	Shape "trianglemesh" "integer indices" [
0 1 2
0 2 3
	] "point P" [
1.000000 1.000000 0.000000
-1.000000 1.000000 0.000000
-1.000000 -1.000000 0.000000
1.000000 -1.000000 0.000000
	]
AttributeEnd

AttributeBegin # Plane.012
	Transform [1.0 0.0 0.0 0.0  0.0 0.258819073439 0.965925812721 0.0  0.0 -0.965925812721 0.258819073439 0.0  9.0 0.0 10.0182142258 1.0]
	Material "matte" # dummy material
	Shape "trianglemesh" "integer indices" [
0 1 2
0 2 3
	] "point P" [
1.000000 1.000000 0.000000
-1.000000 1.000000 0.000000
-1.000000 -1.000000 0.000000
1.000000 -1.000000 0.000000
	]
AttributeEnd

AttributeBegin # Plane.009
	Transform [1.0 0.0 0.0 0.0  0.0 0.173648223281 0.984807729721 0.0  0.0 -0.984807729721 0.173648223281 0.0  6.0 0.0 10.0 1.0]
	Material "matte" # dummy material
	Shape "trianglemesh" "integer indices" [
0 1 2
0 2 3
	] "point P" [
1.000000 1.000000 0.000000
-1.000000 1.000000 0.000000
-1.000000 -1.000000 0.000000
1.000000 -1.000000 0.000000
	]
AttributeEnd

AttributeBegin # Plane.008
	Transform [1.0 0.0 0.0 0.0  0.0 0.984807729721 -0.173648178577 0.0  0.0 0.173648178577 0.984807729721 0.0  6.0 0.0 10.0 1.0]
	Material "matte" # dummy material
	Shape "trianglemesh" "integer indices" [
0 1 2
0 2 3
	] "point P" [
1.000000 1.000000 0.000000
-1.000000 1.000000 0.000000
-1.000000 -1.000000 0.000000
1.000000 -1.000000 0.000000
	]
AttributeEnd

AttributeBegin # Plane.011
	Transform [1.0 0.0 0.0 0.0  0.0 0.996194720268 -0.0871557369828 0.0  0.0 0.0871557369828 0.996194720268 0.0  3.0 0.0 10.0 1.0]
	Material "matte" # dummy material
	Shape "trianglemesh" "integer indices" [
0 1 2
0 2 3
	] "point P" [
1.000000 1.000000 0.000000
-1.000000 1.000000 0.000000
-1.000000 -1.000000 0.000000
1.000000 -1.000000 0.000000
	]
AttributeEnd

AttributeBegin # Plane.010
	Transform [1.0 0.0 0.0 0.0  0.0 0.087155804038 0.996194720268 0.0  0.0 -0.996194720268 0.087155804038 0.0  3.0 0.0 10.0 1.0]
	Material "matte" # dummy material
	Shape "trianglemesh" "integer indices" [
0 1 2
0 2 3
	] "point P" [
1.000000 1.000000 0.000000
-1.000000 1.000000 0.000000
-1.000000 -1.000000 0.000000
1.000000 -1.000000 0.000000
	]
AttributeEnd

AttributeBegin # Plane.005
	Transform [1.0 0.0 0.0 0.0  0.0 1.0 0.0 0.0  0.0 0.0 1.0 0.0  0.0 0.0 10.0 1.0]
	Material "matte" # dummy material
	Shape "trianglemesh" "integer indices" [
0 1 2
0 2 3
	] "point P" [
1.000000 1.000000 0.000000
-1.000000 1.000000 0.000000
-1.000000 -1.000000 0.000000
1.000000 -1.000000 0.000000
	]
AttributeEnd

AttributeBegin # Plane.007
	Transform [1.0 0.0 0.0 0.0  0.0 -4.37113882867e-008 1.0 0.0  0.0 -1.0 -4.37113882867e-008 0.0  0.0 0.0 10.0 1.0]
	Material "matte" # dummy material
	Shape "trianglemesh" "integer indices" [
0 1 2
0 2 3
	] "point P" [
1.000000 1.000000 0.000000
-1.000000 1.000000 0.000000
-1.000000 -1.000000 0.000000
1.000000 -1.000000 0.000000
	]
AttributeEnd

AttributeBegin # Plane.006
	Transform [45.3983459473 3.96884934162e-006 0.0 0.0  1.73483935008e-013 -1.98442467081e-006 -45.3983459473 0.0  3.96884934162e-006 -45.3983459473 1.98442467081e-006 0.0  10000.0 -10000.0 10000.0 1.0]
	NamedMaterial "Material"
	Shape "trianglemesh" "integer indices" [
0 1 2
0 2 3
	] "point P" [
1.000000 1.000000 0.000000
-1.000000 1.000000 0.000000
-1.000000 -1.000000 0.000000
1.000000 -1.000000 0.000000
	] "float uv" [
-1.710030 -1.813844
2.988708 -1.813844
2.988708 2.884894
-1.710030 2.884894
	]
AttributeEnd

AttributeBegin # Plane.002
	Transform [45.3983459473 3.96884934162e-006 0.0 0.0  1.73483935008e-013 -1.98442467081e-006 -45.3983459473 0.0  3.96884934162e-006 -45.3983459473 1.98442467081e-006 0.0  10000.0 -10000.0 10000.0 1.0]
	NamedMaterial "Material"
	Shape "trianglemesh" "integer indices" [
0 1 2
0 2 3
	] "point P" [
1.000000 1.000000 0.000000
-1.000000 1.000000 0.000000
-1.000000 -1.000000 0.000000
1.000000 -1.000000 0.000000
	] "float uv" [
-1.710030 -1.813844
2.988708 -1.813844
2.988708 2.884894
-1.710030 2.884894
	]
AttributeEnd

AttributeBegin # Plane.001
	Transform [45.3983459473 3.96884934162e-006 0.0 0.0  1.73483935008e-013 -1.98442467081e-006 -45.3983459473 0.0  3.96884934162e-006 -45.3983459473 1.98442467081e-006 0.0  10000.0 -10000.0 10000.0 1.0]
	NamedMaterial "Material"
	Shape "trianglemesh" "integer indices" [
0 1 2
0 2 3
	] "point P" [
1.000000 1.000000 0.000000
-1.000000 1.000000 0.000000
-1.000000 -1.000000 0.000000
1.000000 -1.000000 0.000000
	] "float uv" [
-1.710030 -1.813844
2.988708 -1.813844
2.988708 2.884894
-1.710030 2.884894
	]
AttributeEnd

AttributeBegin # Plane.004
	Transform [45.3983459473 3.96884934162e-006 0.0 0.0  1.73483935008e-013 -1.98442467081e-006 -45.3983459473 0.0  3.96884934162e-006 -45.3983459473 1.98442467081e-006 0.0  -8458.89257813 10000.0 10000.0 1.0]
	NamedMaterial "Material"
	Shape "trianglemesh" "integer indices" [
0 1 2
0 2 3
	] "point P" [
1.000000 1.000000 0.000000
-1.000000 1.000000 0.000000
-1.000000 -1.000000 0.000000
1.000000 -1.000000 0.000000
	] "float uv" [
-1.710030 -1.813844
2.988708 -1.813844
2.988708 2.884894
-1.710030 2.884894
	]
AttributeEnd

AttributeBegin # Plane.003
	Transform [45.3983459473 3.96884934162e-006 0.0 0.0  1.73483935008e-013 -1.98442467081e-006 -45.3983459473 0.0  3.96884934162e-006 -45.3983459473 1.98442467081e-006 0.0  0.0 50.0 0.0 1.0]
	NamedMaterial "wall"
	Shape "trianglemesh" "integer indices" [
0 1 2
0 2 3
	] "point P" [
1.000000 1.000000 0.000000
-1.000000 1.000000 0.000000
-1.000000 -1.000000 0.000000
1.000000 -1.000000 0.000000
	] "float uv" [
-1.710030 -1.813844
2.988708 -1.813844
2.988708 2.884894
-1.710030 2.884894
	]
AttributeEnd

AttributeBegin # Plane
	Transform [45.3983459473 3.96884934162e-006 0.0 0.0  3.96884934162e-006 -45.3983459473 3.96884934162e-006 0.0  -3.46967870017e-013 3.96884934162e-006 45.3983459473 0.0  10000.0 -10000.0 -10000.0 1.0]
	Material "matte" # dummy material
	Shape "trianglemesh" "integer indices" [
0 1 2
0 2 3
	] "point P" [
1.000000 1.000000 0.000000
-1.000000 1.000000 0.000000
-1.000000 -1.000000 0.000000
1.000000 -1.000000 0.000000
	] "float uv" [
-3.176725 -5.588749
4.855209 -5.588749
4.855209 6.459159
-3.176725 6.459158
	]
AttributeEnd

